INTGRL
                                                                        
 
s   1    3 X  Y  Z   0.10D-14
       7.0    1    4    5    8    3    1
N  1   0.000000000000000   0.000000000000000   1.034499999999999       *
H   8   2
      11420.00000000         0.00052300        -0.00011500
       1712.00000000         0.00404500        -0.00089500
        389.30000000         0.02077500        -0.00462400
        110.00000000         0.08072700        -0.01852800
         35.57000000         0.23307400        -0.05733900
         12.54000000         0.43350100        -0.13207600
          4.64400000         0.34747200        -0.17251000
          0.51180000        -0.00850800         0.59994400
H   1   1
          1.29300000         1.00000000
H   1   1
          0.17870000         1.00000000
H   1   1
          0.08935000         1.00000000
H   1   1
          0.04467500         1.00000000
H   3   1
         26.63000000         0.01467000
          5.94800000         0.09176400
          1.74200000         0.29868300
H   1   1
          0.55500000         1.00000000
H   1   1
          0.17250000         1.00000000
H   1   1
          0.11500000         1.00000000
H   1   1
          0.07666670         1.00000000
H   1   1
          0.05111110         1.00000000
H   1   1
          0.03407410         1.00000000
H   1   1
          0.02271600         1.00000000
H   2   2
          1.65400000         1.00000000         0.00000000
          0.46900000         0.00000000         1.00000000
H   1   1
          0.23450000         1.00000000
H   1   1
          0.11725000         1.00000000
H   1   1
          1.09300000         1.00000000
